0.0828226922
0.2801497251
3.5291902072
0.6866754617
1.5379259802
1.5305705259
12.4585365854
0.2616014559
1.0182648402
5.0619469027
0.1582720241
0.1223782285
0.0830632091
0.8614111234
5.8529411765
0.4411644951
0.5719659797
2.0382377390
0.4381842457
1.6335453100
0.5953195566
1.5570469799
0.0839064649
0.2153653706
10.0905077263
4.5142083897
1.2303498410
0.0651696363
1.0567346939
10.5272925764
5.1706959707
0.7918509160
0.8566539158
0.8304394427
1.2900019489
0.5307543520
1.0360638846
0.6783146067
0.7325435699
0.3802743981
1.4089601937
0.2709570173
2.8867528836
0.5249936564
1.6668057584
1.1626867578
0.4615251898
2.4391615542
0.1242430570
2.1017866811
0.2814450312
0.5134510298
1.1919081465
1.1521216974
1.3698129435
0.1252338947
1.2288494742
1.2611095386
1.7995755718
23.3465703971
6.6905055487
1.5586340206
1.9670466321
0.8295265467
1.5724421210
0.2947487878
2.4865269461
2.9858132629
1.0336197236
0.4578603717
0.8937578455
2.3821563499
3.6134736842
3.2635696822
2.1684127816
0.7840494243
0.3986147952
2.9710467706
0.2238722016
15.6307189542
0.8643356643
1.7549718574
1.3319223986
1.7451376147
0.4220611082
8.5285359801
4.9011223944
0.6411856474
7.2458888019
0.1286165816
5.2121212121
0.6051352494
1.1941761364
0.7770816492
0.1869906197
1.6132824913
1.8384234420
1.0474734236
0.9369924024
1.8727907933
0.6901647287
1.2227958697
0.8081733566
6.0661040788
7.0132669983
2.7185007974
0.9357584355
2.3572044866
0.0583139658
2.0639107279
0.8324413863
0.5081027450
2.9922033898
0.6178194607
0.4053464266
1.0464920879
0.2581676136
1.0127343969
0.1607493310
0.8810245687
2.2646536412
3.4165757906
1.7447708578
4.9715210356
0.6985857395
0.7622353937
0.0804719141
0.1304992585
1.8503700278
2.9844810863
0.8337273444
0.7650827549
13.6067961165
299.3333333333
1.1787581016
0.5182186235
0.3553245651
0.3320009690
0.0011501807
0.3867758923
0.3625815809
0.0416446464
0.0301991150
1.8226134056
0.9647771616
0.1894353370
0.0461129889
23.3938547486
1.0143852551
6.6718041704
1.1478109519
3.5540540541
0.0470630717
5.0541344438
0.3394447897
1.2058757062
13.9200000000
0.6600095102
0.5424923780
2.6549488055
1.8477347034
0.6890405764
0.7274509804
0.9646182495
4.7816979052
0.4727272727
0.9860529986
1.2738432483
0.9878356164
0.4609982714
0.7261794635
1.1051681336
0.0690058480
0.0077732053
1.8140651801
0.4736660929
1.0438381719
1.8469015796
0.0377397832
1.3399113082
0.5234741784
0.6949938195
0.5739295909
2.0324985092
2.1646557842
1.8742199688
11.0463096961
0.6648079306
2.3443396226
0.6785909638
0.6033505790
0.3915154613
1.5832962138
0.0991448036
0.9573921971
0.8129621575
1.4902898118
1.0667911222
0.0348258706
5.1915887850
0.9645780051
0.6425497266
6.7021276596
0.7954706299
0.6575326760
0.7782145782
2.5523193096
2.9962426194
1.0085106383
0.9728770236
3.3856682770
1.3366120219
1.8695047301
0.1436126932
1.3768885259
12.5897435897
1.9406175772
0.8666560964
1.9799316823
3.1012799110
0.0814132104
3.2410256410
8.3605072464
8.6645569620
0.1239831697
0.3023103033
0.6256218905
0.9910956837
4.1257568701
0.1935074816
0.3132958247
0.9215491559
4.1419634264
1.3535835128
0.2651525333
0.0325100517
0.8446231430
2.2027716995
0.8569753810
1.1142593163
0.2056879868
0.7604765818
4.7982832618
0.0557843945
0.4340229242
0.0835459184
0.2289820359
0.5065418453
1.3451356717
1.6159956176
4.1235955056
0.2812796530
1.9266073595
2.4937774524
0.3170812604
1.7701180994
1.2181907330
64.8625954198
24.5043478261
0.5785485971
0.2912889239
0.1330097087
0.3150107991
0.9151888044
0.8712243254
2.4816132859
1.0540447898
2.5677655678
0.7667241109
0.7498621577
3.1734401832
0.5746411483
3.2111601766
1.2309715889
0.4080188679
5.1594792514
0.4342311306
0.7536952618
2.6290491118
0.9007092199
0.5757413839
0.7089522808
6.9166666667
1.0687616677
6.3048376408
0.0233747261
3.0185430464
0.2579960836
1.7787423745
1.6204837265
0.6213528576
24.1318407960
2.3778178539
5.9613733906
0.5954960438
0.8642095053
0.1843980052
20.4790697674
7.4108053007
1.9722693831
0.0483110762
0.5345037372
1.1195703680
0.5559562138
1.2410974898
1.7051349921
1.2595155709
3.0572089947
0.6174821997
1.8867218808
0.6284209321
1.6716206653
0.0579762333
0.8396157588
1.0091572661
0.3333333333
0.0316142424
3.3264311815
2.0513751946
2.4595133626
1.7688688123
14.1730769231
0.7430485762
0.9062543921
1.3095022624
1.1525340331
1.0935717989
0.5648994516
2.2495688593
0.5053741635
2.2723391278
0.7682403433
3.2430340557
2.3710027100
1.1934383628
0.4098961515
11.1488673139
3.2709433962
0.6132043640
0.0599479697
0.1687268232
0.1852231914
4.1782642690
1.7240437158
0.4244791667
0.0300588107
0.0083470734
0.6074582924
0.5532804012
0.1976459798
5.0303776683
3.5075584059
0.0688636364
0.4976293103
137.5692307692
3.7266187050
0.8139577259
1.1446888601
0.4717182497
0.9225589226
0.9149404454
0.4347983579
0.8980931936
0.4172081325
0.3331359195
0.8419037199
0.2472419525
20.9275766017
5.0754467240
1.2882423917
0.1820243833
0.8360544218
0.9058416603
131.9791666667
2.3910329171
0.7546398238
4.0141394442
6.1167452830
0.8000531420
1.0224644863
0.3637121754
2.1631944444
0.2096558808
0.7032113518
0.3425947187
0.6380232558
1.5523358959
36.6343612335
2.6158497772
0.3804774179
0.5200556457
1.2916478555
2.4789712557
2.3464877664
0.7569805963
4.1855099216
0.9841402337
0.2932752179
0.2823177452
1.3244192328
4.6637649619
0.6345317637
2.5296224855
0.7565816120
1.8374905518
0.4404152063
0.9383050114
1.4729809976
5.2851196670
1.6421391234
0.0177889338
0.0024593670
0.9577721150
1.3549634130
0.0529310573
1.4292321924
0.3291724457
0.8197559558
1.6180747285
1.0831925676
1.1073480134
1.1928581550
2.8630177515
0.1276178997
1.0425059477
1.3581632653
0.0450802365
0.0404814004
13.1871657754
0.7773771969
0.6312247645
0.0201672405
0.8338988051
1.3155247181
13.7617107943
0.8723068839
0.4248373345
0.1045874207
0.0478029433
20.3895582329
0.1824732982
0.7489851150
1.2057040198
0.5801228364
3.3739193084
0.3208413002
0.3047965999
1.5741820538
0.1810121906
0.2674545172
3.2757706331
1.4476277096
4.3758256275
0.3153503093
1.0376151085
1.7462417318
0.2991336069
0.3038754075
0.4492440605
1.9400696864
3.4008152174
3.4013770757
2.8263845675
47.4397163121
1.8532802348
2.3045313819
0.4111191076
0.8539171141
0.9250444050
15.6482889734
2.2477148080
0.6074859888
0.9351029366
7.4612141653
0.2265482939
0.1827780063
0.7631578947
2.4894706887
1.0954875580
0.4731111844
1.4446243523
1.8940779971
1.0498475408
0.8486147757
0.5924331899
1.6966982789
0.4117961511
0.7196118488
11.9423076923
1.8761140820
2.3793361617
0.2884724588
0.3145933014
3.9954154728
0.2585691686
2.1293886570
1.6523535753
0.1485870556
9.7075718016
1.7361963190
14.6756198347
1.9365750529
1.0885200553
1.9146735617
0.3638754471
1.8487093154
7.8831858407
2.5181818182
7.1061872910
1.4094711918
0.9916326968
0.1727904667
5.0024979184
0.8879016553
0.4824603556
0.1003020519
0.2548134777
0.6798825257
0.8656503097
0.0589105980
0.0661789159
0.4071950978
2.2126291619
0.5456896552
3.1280409731
0.0823670969
0.4596232235
0.8112094395
1.0226594063
2.9978279757
1.2925433429
0.8410475030
1.4454080498
4.2313060818
0.4307419973
3.0781818182
2.2203616879
0.7265248796
1.1177520071
0.0361256545
0.5825308712
4.6914460285
1.4647058824
0.3626867645
0.1185904199
27.1875000000
2.6422305764
0.5250200696
21.3189655172
1.4406207827
0.4066764644
5.2931354360
0.7782125528
0.6178484880
1.1219590269
2.8884585593
6.8074398249
1.9626895451
0.3272320253
0.3412875311
0.6558716707
0.2956128134
1.3145272867
1.3424697907
0.0870709730
0.6320142512
0.6215498938
1.5837414300
0.6565766255
2.0075425791
1.3302965049
0.4893842887
0.7062029587
0.3791384834
1.7042387379
0.7447140381
4.1326942482
0.7661290323
0.3073933940
0.0590418354
0.8317494600
4.9713818479
0.8550904137
5.1411265899
0.7364488349
1.0914658501
2.0180826636
0.3780298322
0.8077326343
2.3520041110
0.7986676536
0.7758460518
2.3468130691
4.1398793198
0.2318331504
217.2500000000
3.1358453148
1.2914487448
2.3498293515
2.0083234245
0.0602346806
0.5402750491
1.4305043050
4.1029948868
0.1849345963
3.4001436782
0.8582492612
0.7455214331
0.1297389330
4.8666666667
0.7284279317
0.4671714440
21.7469512195
0.4004216983
1.3908811475
0.2988601612
1.8115539079
1.0968899522
0.8977749523
1.5660727543
6.4857456140
26.7761627907
4.3480251860
0.9554087531
0.8091971941
1.2057676233
0.5583554377
1.2559313478
0.8458010265
0.2243113249
1.2689843217
0.1100917431
0.2933406714
0.8541474654
0.3237795276
0.3584010840
0.2991262907
4.0567327409
0.0172998038
0.5386538118
0.7217052586
4.3415366146
11.2422907489
0.1340938657
0.4543432940
1.9486875863
1.0157202438
0.4765807963
0.2337710375
3.2266811280
0.3868768641
43.3744075829
3.9030115146
1.8621323529
0.9052987599
1.2222068584
0.0092579405
1.0547560548
0.1835674655
5.0459183673
0.6753537736
0.7393088553
0.7364314790
0.4761535479
4.7221654750
1.0770165209
0.6888954172
0.3659634680
5.2635791881
7.0290771176
1.3469510363
2.4325949367
0.4200607903
0.6761285910
1.4705342811
2.0650406504
8.3818615752
6.9732441472
1.0288818230
0.7326172159
0.1837321675
3.2017857143
11.1282051282
0.2323330106
1.1866416979
0.1300304878
0.4815008498
1.4442615240
0.1310607925
0.9307883302
4.3409490334
0.1315603671
0.3266392036
0.1826710098
0.3906768414
0.1924611973
1.4941682014
0.9928098392
1.4611790879
2.1187433440
0.3213296399
0.5879341865
0.1244209133
1.1328832064
1.8889528193
1.1397565625
7.3036253776
0.8341232227
2.1956114530
3.0572349859
3.4429477021
0.9488043478
1.7959842237
2.1301796846
0.0506766484
0.4849416103
0.8968922451
9.6387614679
2.0218303946
0.8355376653
1.1242797424
0.8492988347
0.4575252663
1.5282208589
0.7372333943
0.0695730743
2.8962841976
1.8299418605
0.4450808964
1.5038572806
0.0917508418
0.0519307590
0.6668269231
3.0639534884
0.4272351534
0.5730622618
3.3828250401
10.3835443038
0.9506103707
0.7910180712
3.1142256482
1.9989335229
0.7542124542
0.7980039054
0.1131143492
0.6725293132
1.0400804290
0.2837009004
1.3656494734
0.0595986215
0.6143394045
1.6968387537
0.9247648903
0.0404823428
0.8683894231
0.7966181861
1.1860291371
15.0419354839
0.8702951240
2.9519194931
4.6760797342
2.0705324784
2.8754940711
0.1445955619
1.0333514591
0.7653411880
4.0927789934
160.8666666667
0.4983186213
0.1967493584
3.3902439024
1.4523456790
0.2091055600
1.1891068116
2.7271209085
0.6298537569
0.5355216343
0.2668078348
0.6619019257
1.5936123348
0.0990160539
2.0014492754
0.5822197681
0.3323362889
0.2455836508
0.0581158929
22.4674922601
1.6582402508
0.1988161560
0.1848779710
10.2043269231
1.3038936372
1.4145053580
0.0248671626
1.7768090671
1.1903039074
0.2783693844
1.4089219331
1.0151057402
2.3231233822
0.1677207492
6.4441997063
1.2903800475
0.8846625767
14.9984709480
1.4355793090
0.2261210896
0.7087883515
0.2642018901
0.9485001327
0.4875228241
6.1020408163
3.7730496454
0.8163686382
0.4129979036
0.1786480687
1.4314019314
0.1720498881
1.1939306358
7.3891213389
0.9813390752
2.5388768898
1.6536710302
1.4568123393
8.6263399694
7.6974093264
0.8386586068
0.5202312139
1.5504173623
0.5943412909
0.2851028807
8.5394190871
0.1364421416
1.0851208716
0.1660617060
2.5659432387
0.0969560316
0.7058286608
0.5490953446
9.3060344828
0.5329087049
0.8631612628
4.7884114583
8.1468646865
0.9126386688
0.8275357012
1.1864748588
1.7588813303
0.8864968305
1.7522861207
0.6383221391
0.6033057851
0.9418629323
1.0670072706
0.3079083352
13.3600000000
0.6492048644
0.7761394102
1.5489503994
0.2641509434
0.1538784067
1.1480356420
0.5686528497
1.9204737733
0.8054994955
0.1590245142
0.6832565284
1.0981709593
4.0119047619
1.3462033462
7.0000000000
0.3660462493
1.1814055838
0.2849149989
0.4374030005
5.6623093682
1.0426279938
1.0452985587
0.3280346821
0.7134384003
0.5772135417
0.1614349776
4.2543180465
1.5080049261
0.6817220834
1.4462061155
0.8117382558
0.4179815737
2.0250791332
1.1497584541
8.7896138482
0.0999041431
2.4852163087
0.5235231694
1.6745871250
12.1172069825
0.9651972158
0.2329995828
0.2312699072
1.6389290883
1.9357798165
2.5984463699
0.0724118943
1.0990043472
4.8996282528
0.8952121560
0.5453535728
2.3510594101
1.3593878109
0.4382177308
2.8647154472
0.6603529918
4.9913580247
2.6933935630
2.0064850843
0.8075583645
0.7017392377
1.3808227949
2.1912784936
0.4060669770
0.1364245511
1.2145255565
0.2574214518
0.8439651216
0.6115884325
0.6871470522
0.4665855143
3.6463414634
1.5520601812
0.5469767442
3.1678224688
1.5966024915
0.0960570470
2.0085490382
0.2121353197
2.8756016290
1.1861780951
9.5535714286
0.8504936530
0.2002965788
6.3651037663
0.7682452528
1.4333561176
0.8732431367
0.8835920177
0.5686763687
0.9811727345
2.2051991150
0.4597090986
0.8774869110
3.9464119292
2.9743034056
5.7301414581
1.0289341961
0.6605234058
0.4208935611
24.2481751825
1.5884782609
0.6300281410
1.3261357747
3.7100068074
0.4776955391
0.1117272298
0.8405797101
1.7935047869
0.9191723576
3.2940304042
0.6516072980
0.4361587155
0.2396819387
20.8888888889
2.1654618474
0.9671587505
20.1058823529
0.3140784150
4.8611670020
1.5148796499
2.0321510060
0.8575160294
3.6153846154
0.2083060824
0.0320796460
0.9947753396
0.1396002498
0.1724902940
3.1505411610
1.4272430259
0.8130575831
3.1198428291
0.4672760512
0.0109902823
0.2603534687
1.3312464428
0.2990095309
0.6492673993
1.7636887608
2.6251830161
0.6626927563
0.8604193971
0.2731178396
0.7771785410
3.0936305732
0.3689881735
0.3288733465
16.6815920398
0.1647155473
0.0699091395
4.8789682540
1.7564290194
1.1513865737
0.7834892962
1.7754484983
2.5965374482
3.7902004454
1.5795638126
0.1994730316
1.9944002358
2.1557017544
0.0421504291
0.2595391705
0.2076481836
0.3590492889
0.5836130306
3.1312803890
0.5056536654
4.8869565217
3.4256091239
0.9474441248
1.0725552050
4.2329390355
0.9580602883
0.9268292683
1.1082065567
1.8344291692
1.0459183673
1.8950964630
0.4998086491
1.1284181378
1.9582761998
0.4092606423
2.9231678487
6.5252246026
0.7791324736
0.7000893256
0.8599412341
0.9380544279
1.1819750465
0.9294610639
5.1304644809
4.0614925373
0.7804850279
3.1674418605
109.2500000000
0.0020371209
0.4973098996
1.2457231726
0.9509283820
0.7228235294
0.5553132194
0.9990909091
1.5758077879
3.6316274781
2.7436878347
1.1534443356
0.7944776119
0.7541119272
0.9638554217
1.0701892744
0.2853816730
0.7808292946
0.2737028153
1.2813141684
1.9381986923
2.7010968921
0.3288888889
0.6877651261
0.9764890282
1.3623832815
21.4291187739
1.1128425578
1.0977738002
0.6724579575
1.1403840559
2.4088737201
1.9584754263
0.8997792494
0.5940117253
7.5226843100
2.6146276596
1.6455294864
0.8585296217
1.7412973179
4.0619546248
0.2101727447
5.7309340189
0.0401384083
0.6197718631
1.4371210124
0.0600236936
2.0308673469
1.0532052946
14.5017301038
0.4125525791
9.9159192825
2.8647482014
0.4821600771
0.7071175348
1.6997763697
0.1494030332
0.5550442478
2.3887840388
1.6140667268
0.2263352001
1.0709549072
0.1043776544
3.4094869313
0.6385038504
0.4869379015
0.0086333041
0.3744453145
2.6903225806
2.7146788991
0.5837730871
1.0495283019
0.6670122945
2.3602251407
1.8856589147
0.2080409064
3.1960877863
0.3578557630
1.0356958096
0.9556144801
0.8414578588
0.2541424339
5.5876027830
707.9230769231
0.9839457724
0.3510883905
0.4139275766
1.6807535642
0.8260869565
0.2675418742
3.3798543689
4.8792727273
2.0183450429
0.5170379290
1.7142087300
2.6885245902
0.2297124601
0.4733733836
10.6031746032
0.7502516356
2.2051091270
0.7823591602
0.6046606705
1.2696128811
0.4652983747
5.7631426921
0.6437297432
0.6319983225
0.1763301501
1.1552422379
1.3688524590
1.2158076591
1.3190446061
1.0213599146
2.8459477562
0.7793909348
2.4095982143
0.4965160710
1.2626222311
2.9087013843
16.9288702929
1.1397963513
1.9653272101
2.3413400759
2.3046647230
1.1986252327
1.6513131313
0.7847189967
0.5476895060
1.6529338327
139.2537313433
1.0680958386
1.0978640777
0.8914247729
1.2797387928
4.3622771708
0.0648107873
1.0452503209
1.5308970100
1.2849787617
0.4012409514
0.1432423687
20.7426710098
1.1644870677
4.0881126173
3.0752000000
1.9352477477
0.4996117008
7.4973821990
0.1233198925
0.1040155440
0.7993640373
1.5901492001
0.1108898569
0.8636709825
0.8919244193
11.2268370607
3.9439252336
1.6266233766
2.2600783230
0.3359126081
0.9338471419
0.5146631440
0.2839467338
1.2562237762
0.7637401856
2.6972348617
0.2086230876
25.6075949367
0.7417972214
0.7912358444
0.7514335245
1.0201162271
0.2332677165
3.1376423309
28.9427083333
0.8598278336
0.2640560921
2.2307129799
1.1786290323
1.2639812280
0.0095272335
35.2077922078
1.3782442748
1.1123052123
9.1211678832
0.9244462025
0.5872672152
1.7366813061
0.8360148515
0.9992429977
0.8688263409
1.6484574573
0.5809370352
0.2987142679
0.8466028863
0.2691412613
0.0944745174
0.4931828867
4.9973404255
3.7429426861
0.7154405821
1.4083760684
0.8074827080
1.0650363093
1.0046035046
1.3433060109
0.2651461155
15.8317152104
0.3375394322
0.6998678996
2.6509772637
4.4005524862
1.4153196447
1.7337807606
0.1336211794
0.8861685215
0.2431037264
3.2065260645
2.0236051502
1.0881230769
1.2176486060
0.6858874459
0.5608269859
1.0405076495
0.8019704433
1.0981094773
5.6055045872
0.6290661070
11.1342812006
0.8135549543
10.6135321101
1.4371549204
4.2539759036
3.1774054983
1.9147034931
3.1349206349
1.4183884298
6.5138162808
3.8852599914
1.0580501116
7.9263531500
0.4444837341
3.7855863921
1.6212529471
2.9137432934
0.7328753680
2.1592217046
0.5682037430
0.1945229298
0.0266560573
0.2439939940
0.5409986725
10.1111111111
3.1926282051
0.4027950311
0.7501681237
1.6205227493
0.8627236218
0.2469696970
0.2040627886
1.1499277457
0.2697197121
1.3332881356
0.9503568596
1.2190737355
1.3642495784
3.2821650399
1.0592271578
4.5425531915
1.0353786622
9.5327245053
0.7966586063
0.7855219218
1.6169678715
1.5282005372
1.3782374980
0.4537265548
0.9837690319
1.0330432867
2.4232012935
0.0572597137
0.5786802030
0.1060631939
1.6924323073
0.6121567417
0.4787467134
1.7169084987
9.7166882277
0.8337270206
0.4528487230
0.8399329562
0.7872278665
1.7911770769
41.4769874477
1.5435401252
0.6849540079
2.2101642255
0.0841869398
1.4473961073
0.6166942896
1.1083434589
1.5067595248
5.4081846800
2.1138799571
0.2054585153
1.2179914327
4.3378016086
1.5003586801
1.7003574911
1.1305154934
0.3142154855
2.2019956194
1.8827460510
0.7288094663
0.4310344828
1.7327243844
0.4907107551
0.6637710782
0.6264877732
10.3904109589
1.7189767087
1.4156422590
0.3996125640
2.4303633218
0.2153617653
8.2580246914
0.2921683293
0.8047773518
0.9899930184
0.9154554759
0.2185559006
1.0989261308
1.3220799379
1.9336569579
1.0198770492
0.9586045940
0.1634135270
0.3362617774
6.1984848485
1.3865748709
0.0311960401
0.0811387900
2.3445945946
0.7314238760
1.1748135874
1.4134553629
9.8347107438
1.3868778281
0.7173804366
0.5964467005
2.8749323227
0.7454236402
0.0177627716
0.9636963696
2.4328259431
0.3390191898
1.0666183049
1.3416611878
0.1956912029
0.5566993727
6.5896825397
1.5361967440
0.1136623258
1.5773694391
0.1661603178
0.0193802577
1.4153798641
0.9888232813
1.0214730752
0.2141675854
1.8812632858
0.1354998100
6.7868988391
0.6552487819
0.6058784235
1.4688832055
1.8173549656
0.4923395445
0.1565602361
0.8819996997
0.7936022820
25.1250000000
0.8886916836
1.6544009420
0.4276600123
0.6642670157
2.4997320472
0.8133394036
1.0566202091
0.1889944317
0.7767624021
0.8295320698
0.6445479963
1.2321162444
0.9132404576
1.2583653319
5.6193625977
9.3224299065
0.6935483871
4.0957345972
1.3219711004
2.1636641221
0.6953801732
1.4248507868
1.2769319161
2.6104947526
1.1324165029
0.0844735277
0.1845585974
0.0881154312
4.2199108470
0.7862964081
6.3474903475
0.1095764273
0.0850357508
0.0034792694
22.7672811060
0.0193441415
1.0475765021
0.5070110701
0.8014948972
0.9114327062
0.0844777362
0.7840000000
0.4406682028
0.1371163868
1.1478681210
0.7229219144
0.7819484730
39.6625766871
1.0783564262
0.4600567721
4.2487008166
1.0893947101
0.5937393089
2.4959107807
28.7325227964
0.1493473253
0.4213005364
7.9015151515
3.9519813520
0.4738330976
0.0447450572
0.8464619493
1.2003458498
0.5202252944
0.9526741054
0.2925925926
0.7842334970
1.0931132319
0.6475509214
0.5819620253
0.8165041783
3.0528017241
0.2512971818
0.1473473027
2.1763085399
1.5146818923
0.5883693046
0.7339818143
1.2333333333
2.7019982624
2.4631096290
0.1011402027
1.5670741919
0.7777000233
0.8272028386
0.2128691682
1.1938880329
0.6397935576
0.3248476642
0.7852009582
0.0360127104
0.4205794206
1.0108527132
2.4602698651
2.1195652174
0.9427845651
0.8071260671
0.0614594039
7.8922211809
0.6435409836
2.0194424065
3.4243498818
70.1081081081
14.2756410256
0.2696390658
0.0795425667
0.6567107027
1.2255639098
7.9903846154
1.2167241379
1.4940295013
2.2391061453
2.3972269521
0.6321434851
0.0007159905
0.1651868294
0.3794489093
2.5173858400
0.6581087546
0.1961650203
3.1099290780
0.8296418961
1.0022357074
0.8335410361
0.6821499668
0.5820595334
0.9388043863
1.8364372470
0.1654328935
1.0064757519
6.9872881356
0.2980402138
0.6160299171
1.8151884279
3.7770334928
0.0060514372
0.1379051433
0.6506550218
1.3731236598
0.7535839260
0.6810205495
0.3513269543
0.0658739147
1.8845103394
1.4513684211
1.1330790422
1.7278020378
19.2850877193
1.7973039216
0.4830764581
15.4838709677
1.3293921269
1.3626788241
1.0486930372
0.6549169554
16.3865979381
7.8705148206
1.4047957371
0.5333152763
5.5401174168
2.2007403189
1.5443971166
0.5707715892
0.3370748299
0.6202274574
1.8372919394
0.3894617447
0.9274691358
2.1362940276
1.9448621554
14.0119047619
3.4675395526
0.4880256459
0.8721917124
1.3919846281
11.7623762376
5.6094158675
0.9757728707
0.2259689922
0.0917540831
0.6880213160
0.0297351324
0.2844970113
0.0561555076
0.6008350731
0.3258872651
0.3321432322
3.9517114914
0.6581476181
4.5734299517
25.3865546218
1.1551071879
0.7166339295
1.0887271296
9.8931623932
0.4168514412
0.5530919220
1.5662957075
0.4030724214
2.8853850819
3.4381694255
1.3509649750
0.6792842395
0.3790142730
0.6138037999
0.8095238095
3.6596785465
0.2688398849
2.3823379275
8.2279151943
0.2378812958
0.4828387954
12.7149425287
0.0772143909
1.2008217771
1.5415417559
0.1670108415
17.6289592760
1.9517337032
11.8323108384
1.1425403226
2.2053449063
0.4241815049
1.3448813983
0.5505471338
2.0587226747
1.8613577771
1.1719745223
0.7632244710
0.7395023328
0.1664921466
0.3589225589
0.8259940145
0.7462449757
1.4147058824
0.9827447186
1.0994048576
1.1956762749
0.1129786427
1.0946212953
0.8508771930
0.3495812755
1.7766116942
1.0959147425
0.9902427692
4.7982391783
0.7580392157
1.3858632677
1.2187252886
1.6975308642
0.1809748196
2.9408983452
0.5523393195
1.8209124398
10.4222873900
0.7329893196
1.0191169007
1.2358502955
0.2242252857
4.0325538744
0.6107672545
0.3116452549
1.9807121662
1.8710659898
0.5986282579
0.1462938088
0.2660663119
1.6687094448
3.7590361446
0.2360967779
3.2192231731
1.0628053036
2.3491311216
1.2233712513
1.2702919474
0.2178427633
0.5651384476
0.6848874598
3.3468965517
0.5500594530
0.1226732849
0.8297792742
0.2377122431
0.3802488336
0.5374541645
0.4607586658
0.5518518519
0.2972830666
0.3794485034
0.7739055794
1.0822863210
1.7429710449
1.6201209456
1.5746688742
0.2874471604
0.4782224838
0.9505870210
0.9429878585
0.6397889977
1.1976214575
15.4263565891
2.3240786241
1.5860436394
50.5833333333
1.6271813855
1.4651728331
6.8826185102
2.7695868946
0.2326786688
0.3946221835
9.6699857752
0.6831043674
3.8774319066
0.7864390002
25.5400000000
1.8878119700
2.6634782609
2.5675675676
1.0025242460
9.4483775811
0.4570654439
0.0407711057
0.3991379310
0.2897727273
1.0115084258
1.1598074235
4.5867647059
0.7681250788
1.2579108540
1.0781080495
8.3832335329
0.6979875703
0.0515417511
0.9778812573
6.2740286299
4.3114323259
1.1261884183
0.2827929048
0.2773824925
5.7677543186
9.5839895013
0.3300281808
72.1234567901
1.2252288102
2.9902040816
0.5816243772
1.1721817932
1.7209237618
0.5646937371
0.0677734580
3.0240811153
1.6915238536
0.6187040923
6.9385281385
0.4731140437
1.1357015986
1.7067748765
0.7874274173
4.1953352770
1.7747145642
0.0138105427
1.0848181417
1.7565774928
0.3548985381
1.1293417770
1.8452611219
1.2494447292
0.5284704904
661.6666666667
0.2948792271
1.4324206867
0.9477802038
0.5072003905
2.2365591398
1.2508577964
0.3764237932
1.4056280027
0.1351945483
1.3854438642
1.6985248924
0.4018081366
1.5915963712
2.3310297167
0.6078327131
2.3686498234
0.2587361941
0.2387468031
0.1778160354
1.3343472750
1.7565687790
0.8599543329
32.5718954248
8.4221411192
0.3516591400
6.3989547038
1.0180302773
0.9667660209
9.4046920821
7.8459770115
0.9681767508
1.2169169736
6.5347457627
1.5436872910
0.6776425940
3.1802223523
0.5502146947
8.3167420814
2.4229074890
1.4535326884
2.5037509377
0.8507028599
0.6230569948
0.1306349976
1.0706896552
0.5547274750
0.3933807676
0.5658302354
3.7203264095
0.8478336222
0.3506308506
5.3841269841
11.9578947368
1.7354193274
0.2052195907
1.4588665448
2.2040816327
1.2141092930
0.1330849983
53.4011627907
9.7296037296
0.2073683077
3.0021505376
0.0715970869
5.3128313892
0.7648495615
0.2786575773
0.0245621529
2.6939655172
0.6544521154
0.5590062112
0.6092838196
0.1356513782
0.6997265461
0.9651556157
0.3601813575
1.0468452895
0.2463253928
2.0748451053
0.4871794872
4.4012200845
2.8203853325
0.8441327099
0.1266331658
0.9634340223
0.6256817055
1.5752903907
2.6036649215
0.1235392321
1.0383338364
0.1604150040
2.3969986357
1.2990786676
0.6543742644
2.0791575890
2.3877349159
0.7659743143
0.3503475464
1.5945439045
1.2065898819
1.6295120984
1.4060921476
2.7432024169
1.0368819777
0.5630190523
0.7288098375
0.9106135081
0.8647318612
2.9931921331
2.0035694673
3.5333904110
3.3431001890
0.6795356724
1.0340253749
1.7708129285
0.0082941045
3.6762834111
1.8527472527
0.9538873151
1.1089313371
0.0044328553
1.5881488737
4.8255813953
2.4660493827
5.0379589297
0.4052132701
0.9953203744
0.8140405214
1.6523917995
0.7272334916
0.3428005284
0.9887760556
0.0614821361
0.2149352921
0.0720099324
0.2267441860
2.6593665768
2.9103690685
1.9035812672
2.4653896387
1.3975344220
0.2011518472
1.9624157595
1.0200309757
6.0505050505
1.7126146064
0.7280505195
0.6243508367
1.7411167513
0.2638703527
0.1384167815
1.2650988776
3.7601935038
0.3447599261
0.0267354597
0.5959521034
1.7747995418
1.9988165680
2.2610396870
0.8094435076
0.1027247103
0.8484336609
4.7671680837
0.5823095823
4.9578139981
0.6575161963
1.4928817947
0.8198133525
15.2307692308
1.4590454692
0.0573045118
0.6904838710
1.3347257031
0.8793516101
1.9611594203
0.1705263158
1.4691780822
1.6776251227
4.0106707317
0.7991507431
0.2180942018
1.8764634639
1.0735643094
5.9132099553
1.5667726550
0.7976673428
0.5212620027
0.9269314303
0.3621543541
1.5572378986
1.8555011304
1.6722689076
0.1347673837
0.2837064029
0.8667763158
3.1708509945
5.3828616352
0.7285664295
0.7877269033
3.6957575758
4.5407591786
6.1197227473
0.7779895188
2.4272727273
2.3790195045
4.2154929577
0.9336879433
0.3067688378
1.0792764033
1.7200158856
1.3838227718
4.2777777778
0.0568946531
1.8927219184
0.9052707581
1.3807157058
1.5415131151
1.4121226305
0.3247172859
1.6433893975
1.0230460922
0.8397704173
2.1827983337
0.1629048086
0.2018974207
0.7481751825
0.8328237740
0.5368992797
2.8612099644
1.3287821720
0.7542113323
0.8997718097
8.5357833656
0.9141221374
0.6803007519
0.7109752173
2.6913385827
0.8468290271
0.7336312081
1.3756408265
2.0977881257
1.3581330869
1.3218635810
0.7342621259
0.1887844979
2.2321924144
0.2247243361
15.6068181818
1.4137831603
0.6386261097
1.0205575456
0.5749372035
0.6953280840
1.9912223667
0.3468557480
0.7421576129
0.2363496045
0.4469292026
2.2991913747
0.3430730479
1.0817319387
1.7837455830
1.0096319229
0.2750533049
1.1107480029
0.7325666302
0.5544890727
3.0052545156
0.4281275891
7.8256189451
0.0295018375
4.5654622243
0.4681538959
0.1694312796
3.9762863535
2.5436363636
0.1823966066
1.1584618243
11.7659574468
0.1357301555
0.8069762465
0.7546484292
0.8257817486
2.0897435897
0.4048063206
1.1287207453
0.0054067338
4.5339747444
0.5033548708
1.2151799687
4.1594005450
1.0026656512
1.4429286824
41.0000000000
0.4749207533
1.2130954385
0.5706113109
0.9067017083
15.6132596685
0.9902128701
0.7926978307
1.6210720887
8.6455301455
1.1690930947
0.0043023970
0.0910235427
2.6333932854
1.2590673575
4.0732600733
0.3356817689
1.4183100619
1.3542435424
0.1915515409
0.2649457925
0.4571693520
11.4037735849
0.3832380005
2.5652173913
0.7103658537
2.2722035526
1.3523588554
2.0940580118
0.3929194715
2.4929631038
1.9640718563
0.3290337180
3.5604101650
1.3772290809
0.2859162896
0.2385620915
1.1638618246
0.8657925183
1.1775799638
0.6592370980
4.9762407603
0.6376088341
0.9152601969
0.2273711563
0.2675289312
2.9826247689
4.0402384501
0.1526866284
1.3601462523
0.3899025503
0.6748031496
0.1134736842
0.1822310200
3.9290809903
0.4536648836
0.4716450868
1.6584022039
0.2946718648
9.4480968858
0.0597800096
0.9792420694
1.3237319975
0.1261448073
3.4633333333
2.7800324675
10.4207317073
0.5051094891
4.2425438596
3.2005649718
3.9640021175
1.2095911349
0.3081422555
0.2657510081
2.0496453901
0.1823266219
3.5279693487
1.8915432394
2.9160636758
1.1167238843
1.2535736482
0.1929637527
0.9642487047
0.6197183099
0.7938596491
1.5566454144
0.2590368146
4.7002938296
0.2306689026
0.5755337448
1.0802556049
0.5404997846
3.0312399356
0.8986195972
0.3747060799
6.5322580645
1.0931237721
3.4487130234
0.2293766715
0.6241889869
1.1016919588
0.5314915545
1.7778653013
1.2469567651
2.5775382476
2.7078449053
1.9552739471
0.5093543654
2.1176029963
0.2777496839
8.4852941176
1.6365634366
1.5588647512
5.0683982684
1.0149536647
0.0512177650
1.5950248756
0.2606959498
1.9586695532
0.3100797267
2.3460490463
2.0272047833
4.4640255009
4.4708680143
0.7618089262
0.9525746708
0.1868770764
0.2422391223
0.2101790763
0.5739354839
0.7762979406
1.2374903772
2.4643916914
0.6238231682
0.2450779989
5.2149390244
1.7513375204
0.7887383573
0.9894511951
0.0056096528
2.8609625668
0.5867330376
0.1474514563
1.1417653802
0.7520226537
5.5223880597
0.9663588391
1.6424346499
2.9597388466
0.6898395722
1.2651076638
0.1683795579
2.2270875764
10.6100342075
1.5236733397
4.5547908947
0.3972207183
0.3497685185
0.9953003378
1.4313909774
1.1994355597
0.8071362658
7.7315436242
0.6253904507
1.0412337662
0.2279129321
1.5298333632
0.7317200557
14.0444444444
0.8163004054
0.5416433762
0.6592944819
0.7615121344
1.9980943306
0.2503197749
0.9918341034
0.7246295779
2.0251721170
8.8875816993
2.1885402456
0.2891990444
1.0498305085
1.8677529367
0.6507603566
1.2716862296
1.1804018040
0.4846800259
1.0098140496
0.8926340601
1.6212171600
1.2603696099
1.0155370688
6.4538520214
0.0596909403
4.3476070529
0.5302042590
1.9672544081
0.4402246044
0.7576346792
1.4892551301
0.3114285714
0.4074074074
1.2156054931
0.9366249079
0.5701335091
22.0744680851
1.0225866782
2.3652062680
0.4744875709
0.7508497621
0.7467532468
3.3982737361
0.9441182426
1.8179558011
0.7403946002
3.6332723949
1.0737913486
1.7137118861
0.1295034080
0.2188761254
1.6921787709
0.5174203113
3.4385542169
0.6501910220
1.4605235602
0.0616645106
3.2719685812
2.8355596499
2.4772896500
1.3075101017
1.3008092126
1.4396923077
0.2054470101
0.4944144144
3.7315973961
1.0036420395
1.0849480969
0.9180576631
2.3992449269
1.5034924331
0.2291011942
0.2035470390
5.1998592540
0.6858324440
0.9164775797
0.1028777817
34.9881889764
0.5914321119
7.8856015779
0.1124267292
2.3098445596
0.5559191965
5.5584905660
0.8191027496
0.6908462867
1.2613318411
0.6751183232
0.4390074854
1.8122866894
0.1584973166
0.5433158040
0.0230294148
15.3090128755
0.4808951965
0.7758112094
1.3919136598
0.4401878398
0.4998249912
1.3131962296
0.2999636848
0.4435452794
2.6214092141
5.1565362198
0.0963528195
0.2390343014
0.6431581905
1.1813733486
0.0835980937
7.4707112971
1.1892690513
3.9428097804
0.7468766974
7.1593750000
0.2604112666
0.7762622637
0.6131756757
0.3976261128
1.1771666134
2.3829662261
0.1406080347
1.0373314066
4.3668555241
0.2194636015
1.8305911030
31.3868613139
0.8001668753
0.8866028142
0.4363321371
0.1234650592
2.6161524501
0.3356090550
0.8964132762
0.4885407601
1.3910371319
0.1674237508
0.7036760311
1.4211224039
3.2769929364
1.5788647659
0.2880546075
1.3610796099
65.8727272727
331.3200000000
6.3254189944
0.6578223054
0.4686651717
0.9449208443
1.3891716798
0.7982444648
0.8714511041
0.8648379761
0.4301509039
1.6413255361
1.1005329457
1.0027234464
1.4467795585
1.5356311132
0.3839399338
0.2606924644
1.2088471023
5.8119195046
0.9747722495
1.1898788927
0.5573313510
0.0632403132
2.2458701498
3.0879007239
5.1077363897
0.8736377025
7.1666666667
0.0240871236
1.0802568218
1.1911508824
1.2863870493
40.2008547009
2.0383973289
0.3508660416
0.8696913197
0.3236655353
0.0324081768
1.0015665053
12.0559006211
1.7235718976
1.2192960243
1.3201970443
0.3880215343
1.2958793970
0.4165042235
0.5957551826
0.0450603318
2.5260257195
0.4379268783
1.6317801673
1.0541644468
0.9242050921
1.2740617181
0.1670251803
1.8401508011
0.8373558595
0.3798763083
1.1458120531
1.0166210814
0.1230817742
0.0943553774
1.4336825141
1.5315036722
0.8433866776
1.1956329301
3.9416216216
1.3964571911
0.5162403891
0.7358829569
0.3183089140
0.8997015915
1.4156918112
0.0580236662
0.0851463873
3.4279731993
10.8905472637
15.5490196078
0.0424310097
0.1618334892
6.1592806680
1.1437752479
0.9316177794
4.1356200528
2.6769230769
0.3573782497
0.0538312318
3.5332621843
0.6454500249
0.1581786793
2.1290523691
0.6171296296
1.3563063928
12.1916558018
0.3965654952
0.7954183901
3.3926325247
0.7931150482
1.9452554745
1.0858133142
1.0088838967
0.0328645916
0.9305597427
0.4312114990
0.4265788886
0.1333831031
1.2077842099
0.5584472389
0.1383076923
1.6232902033
1.8931297710
0.6996436208
6.9224318658
6.3356164384
0.8379577102
6.4590308370
8.7924151697
0.4096770377
0.7564059149
1.0049057578
0.6128360470
0.8910400720
2.6167166167
1.2046984673
0.2466248795
0.3185821224
3.5063054647
0.5855975485
9.8344370861
4.2989021956
0.8244727209
0.5728878485
0.9986468200
0.7466578425
0.3673352436
0.3358164124
1.5176972281
1.7344582593
0.2335206949
0.4960747664
0.9879581152
1.0587401778
0.7512615986
5.3352864583
0.9558680892
1.9248730964
1.6434162063
1.5722094869
0.8601780075
0.2779560037
3.7861142217
0.8831516149
0.4437359783
0.4815462934
1.7987117552
0.1993496395
1.1844827586
1.8191180354
0.6059870550
1.5756887248
2.2261656228
89.5769230769
1.2935137657
48.8196721311
0.5100885320
2.6551181102
0.3600066545
1.0148076391
0.0866446544
1.6741573034
0.3008218516
0.1456567213
1.8419936373
0.0804649084
0.8894356955
4.7619377163
1.6241920591
0.9379460130
1.9224033082
1.0557286893
0.8007569012
0.3364463013
0.7542751907
1.7495425900
1.0446155727
0.5750180208
51.2235294118
0.5552147239
1.1882566586
2.2007220217
1.1319115324
3.3671875000
1.7381314090
0.4377142857
4.6694335938
2.2834224599
1.1241328413
0.4853963839
1.7271407837
1.8855721393
3.4645441389
2.1318379492
0.5037969191
0.3377651155
0.9266304348
0.7308612440
1.1432734337
1.1305038584
0.4144088031
3.2031529918
1.0242455957
2.2167487685
1.3888532992
3.4622129436
1.1298717166
1.2233709699
0.5915449811
0.3195147961
8.9333333333
1.6243370654
0.2290227048
0.4297207218
0.0482180294
0.3059000376
0.8516550879
1.7912867275
0.3642289348
1.6587844440
0.9095788604
0.8362573099
2.8101992570
0.8641231593
1.0788690476
2.0180630284
2.6556130210
1.8708620125
1.1250437216
0.3398911161
1.6101167315
0.4661266568
2.1411845730
0.9823229585
0.6633878650
3.4714959280
0.5490984405
2.3534504081
0.3380085777
0.8422647748
0.3520710059
14.4204081633
1.5141015310
0.1698164886
0.5489827856
2.5722926267
1.0109262478
0.1524104096
29.3791044776
0.9818089944
0.9757064948
0.5242047026
3.4170305677
1.5953337158
2.6455965909
0.3945020150
4.1697582912
1.2805658471
1.3054928518
1.0790786037
0.7811120032
0.7489275801
0.1771573604
0.3375527426
0.4279116215
0.0581113801
3.8417391304
6.9688667497
0.0741584409
0.6450433511
18.2456140351
0.8479171802
24.1793721973
0.2755140899
3.5929160602
0.0360225573
0.1181451088
0.7336473051
0.3033153431
0.2293120638
0.3778964107
0.8310526316
0.1438266200
1.0291532690
1.2727936879
9.2460136674
0.0338487254
20.4367088608
1.1901248581
5.8441843453
0.0843550760
1.2031558185
3.6442379182
1.2850280224
0.8538591312
0.0875566099
0.7359696080
0.7918712493
0.9966406719
0.9252157239
11.2243902439
1.5432226833
0.5887850467
0.7184454481
0.5771114739
1.1010575793
2.8725401150
0.6690510253
2.7114583333
0.3720000000
0.5379650276
0.9614601285
0.2859925624
0.3763533465
2.1037891269
0.1733361415
0.1527070801
2.0318095639
0.9456308438
0.2556949066
1.1200317065
2.1026482819
0.3881700555
487.5000000000
9.6809815951
0.2700892857
0.6266283525
0.0319242624
1.9335388832
0.6952124073
0.9431475904
2.3446510375
3.0867379007
0.2237675400
0.4968163539
0.3890410959
1.3542345277
0.7393266227
0.4960718294
61.7564102564
3.3448028674
0.5849893542
2.2993523627
1.9915333960
3.8474487112
0.0980896400
3.6518171161
0.5612124393
1.2235294118
4.3311748381
0.4544132918
1.2188441882
0.7132292523
4.2020972355
27.4122807018
1.6798434442
2.7898921068
0.0988459609
0.1448294532
5.0525997582
0.0314223419
1.2715049877
0.3381024860
1.6777408638
70.1093750000
1.9139424420
0.2946672744
4.7581120944
0.8578598315
1.5942123586
1.4774456522
1.2084548105
0.8822321536
0.0434876677
0.9862366752
0.7564734895
0.8156539650
0.7660269498
0.0650759219
0.7899827288
0.3433702403
30.4250000000
2.4133504493
0.3981626708
0.1269841270
0.6575166202
7.1657922350
0.1639414802
3.2616621984
0.9526441266
0.5206585570
0.2705918243
7.6028192371
1.0409193801
18.1367837338
0.1559020045
1.0218643817
17.9857142857
0.7283183805
0.0087156519
1.6776357158
1.9833887043
1.1473788328
0.7420530767
0.1784621270
2.5885956645
14.1166180758
0.8520276100
2.4634673584
0.5823911029
6.0299345182
0.4190707913
2.7100756671
1.6397328162
0.1648820044
1.1915247728
0.7534416470
0.0323704159
0.0489901160
1.1351568785
2.6504494976
0.2568403909
0.8996471972
1.0786420284
0.7012356109
0.4987341772
11.6583493282
1.3356751440
1.6719931271
9.4178403756
4.7121535181
0.8285088786
1.1229650703
5.5315515961
1.1665457184
6.7777777778
1.2395379663
1.8457623368
1.9480048368
0.9859340082
0.1706422018
1.0352454594
0.8283985992
0.7596554598
27.0540540541
0.6514851485
0.9248247522
0.2925635010
0.4832061069
3.2546531303
3.0725209669
1.4118684844
2.7494949495
0.7644119908
2.0474875759
1.1204232049
2.8310276680
8.7638190955
2.0909090909
3.3579892280
1.2091655267
0.2275792797
1.4564286937
3.9323361823
0.9171447485
0.5682487725
0.8191823899
0.7133800467
4.0853739246
1.8618272275
0.5444029851
2.7185122570
0.7630421119
1.0892205638
0.1038068087
1.0193592365
3.6710254646
2.3851562500
1.0239185751
2.2853548062
1.5215053763
1.4854156539
0.0916737953
1.3347411444
3.0005192108
0.5475785896
0.1297199387
1.4644202180
1.0644334615
13.3465909091
0.1601489758
4.4160000000
0.7062335560
0.7586720579
0.0563633638
0.7867905929
3.5255813953
57.9268292683
2.2712871287
0.1920511001
1.3184810127
3.9101796407
0.9579293344
0.5371520128
0.0411662047
1.1632783736
7.3541666667
0.8598994975
0.4521760213
0.5077939681
0.5877417520
0.7395422257
0.0577548006
0.6853614092
2.3100746269
0.9986361157
0.1121136928
2.0551006860
1.4038029645
2.1615875266
35.0638297872
2.0538389513
0.0173661360
1.9540000000
0.7233975371
2.7575596817
0.8607573442
24.0569948187
0.2478996432
0.0432046980
0.2053792923
1.9167175107
1.4482272006
0.2323261117
0.4214255045
0.9497699387
0.3197692074
1.1038884813
0.6156435110
0.4036059392
1.1947016095
0.4886404616
0.3653136531
0.0570732203
4.9615384615
0.7178517398
0.7720286885
0.4226849315
0.3522405836
0.9848622464
59.8391608392
0.4283005860
0.8601511879
0.9930746269
0.2677201420
2.9589363851
3.0965133906
2.6471794872
1.7255394930
1.8694281855
1.0714668094
0.0955532926
2.2811103270
0.1442763604
4.3698630137
0.4305613741
2.0811123986
0.4299557973
1.6540162980
1.0676625659
0.8654846336
0.7052907739
0.6772394563
0.2259649123
5.0639312977
0.6680992652
64.7884615385
1.4773781903
0.4901384809
0.2758716104
2.0110661269
3.7910863510
0.0765071100
